41915383904737682951405572802269669643
202010616635501775784418839624953050209
267858381075051964752768374862588317935
24764305817810810044357310375880910018
104409542172089070657801229579538979738
107989693017835103192707286776310242061
95945292382501558922609915436525519810
115866870656101866971422041274652069160
267858381075051964752768374862588317935
104544863818568604000624612047003168783
145162159154705827091977204754771462551
104409542172089070657801229579538979738
152222732293791138798838152766340354421
145180144871731382712677603719578117168
258467670088814323823918998406644430513
101867041736431722293879596787194813286
63234396179922526352099147474821761979
180271005286985776378227124924832470487
283212383633274557424145916540290248979
174611515215551845292389452372524014871
48933416937350709630214030591662500195
109136792301787147553727092181271218673
10025586361191061317753530496621094533
207744831231634852485652562990733564637
48582476393762220110456360023777113915
248076322424323600147956634539847076234
50985273989661091458763453105429822616
37170430240459315039256688749344198499
127046991768129103651725149832696260556
258467670088814323823918998406644430513
13549723608327304287128196913703999121
267858381075051964752768374862588317935
100141687553954125300329303819176327718
102797058955828992551480191465254374206
35007384795138269544590941672541160560
248076322424323600147956634539847076234
104506488544423096867778769838918394728
160372380297246143531622451074611836430
258467670088814323823918998406644430513
36552514359777691381638677137593969736
226946934511881202507378483594755271804
180087518276548229161642354757337356483
200314677245908073677263780063884503216
227161231552039995463440014505693430636
176178558051361362704542718066604998592
110043626816738515344494558343206028104
218855033443725401399021937477900114034
109136792301787147553727092181271218673
62493362169160039356449568572326275270
115337159291012473004587533743296495646
58735506361973150269298321284476929588
264649501175413606241595286047020724243
132456952678896150538818309078369545732
142194632852858852827738795085214656137
88718699829079114080696594868467680409
260469213389950476375691695736616053182
197804902746031933275414132137426085702
35007384795138269544590941672541160560
39631917352978590268409825733396767901
260046032161817658520137202843172601185
227161231552039995463440014505693430636
133385106457137358425210135012412631354
262082637804136103906692410844367314966
62900059278656905116573815349674066250
278122447909233736141000823984834296833
150524834708090741113293412181319015296
157897152076193027043757122534370308738
222672871837738622560299220944852882860
171001959087170223382193436869030643206
241073869542278723490782396574918747125
106160569674463311220351102867105292920
100263792761088702983408073122386975851
224129866294267653815839434047658566215
276328117340052836806720246289919916467
227161231552039995463440014505693430636
135639737163991967617348450192304906637
125103214499128251578688026634188956459
94558746731329152970723859934090788368
58735506361973150269298321284476929588
279804352746053051171796609751087368393
108667813346030192285581312763372288380
269620451546974150193493266785751227172
40801035503757667161108486862087470539
36835709966130643442663814442774811241
258467670088814323823918998406644430513
94558746731329152970723859934090788368
171001959087170223382193436869030643206
54066808382932061527670281059488835553
279804352746053051171796609751087368393
57492500543660761669368629295848680843
127046991768129103651725149832696260556
48582476393762220110456360023777113915
39631917352978590268409825733396767901
3119842052721158499442798700175696356
266453435810393842173217614870969865311
109713170244393077241137401284985499705
10349907868246725257191631144154415850
238805213637926465226077879545205587397
62493362169160039356449568572326275270
115337159291012473004587533743296495646
164419509758888111957695552325569481644
222672871837738622560299220944852882860
117283145620469733906066145425189266050
166840935150530543523077974416444934783
64483151644665230557623304792996462773
149837984550448366955627927404566261214
242554880864202111522733147557587371665
85281032505621764698171732262658005441
58261532176636136448436444047589350101
133385106457137358425210135012412631354
211122620825694661834982798195061345613
2248513684558473464976902871411026839
116720823440608744459055336462337495026
142084471377312431870125372670371907487
79350933236056313594956652213184021074
237454082604776303680072038431648623159
200756069647090939151008755071127953192
222672871837738622560299220944852882860
101867041736431722293879596787194813286
131176398332175085182183806078265996495
166840935150530543523077974416444934783
287115043192739222337778230685118713220
101867041736431722293879596787194813286
35007384795138269544590941672541160560
238805213637926465226077879545205587397
14090490356446516073295759870491470374
174341062532889416604579499850713293698
77651880853019852757210369415251455316
114551034365286007929753874605397537529
86100676920460815074380562898597164481
113330497907982128956162540011117041489
104409542172089070657801229579538979738
152222732293791138798838152766340354421
236919566884758474090008615599569876940
266453435810393842173217614870969865311
176178558051361362704542718066604998592
208836216377914260765663711721198521370
264649501175413606241595286047020724243
103673925655388349486427042170969550031
219709414291879945662979690585266482687
108667813346030192285581312763372288380
148156710392528556147017507010248003893
276580709793976535509179351131039474770
78543978915655778271661053653542968133
141646900690715663025777861809965506993
120458497712456981160853999576562513342
68878799925584285082530529418786562704
238805213637926465226077879545205587397
246205705413636527450880959069652034749
122816787628678189442888117570237583929
258773700757130915679490175980172856657
222672871837738622560299220944852882860
171001959087170223382193436869030643206
219709414291879945662979690585266482687
2120459199367162778305250556416657656
252240276429510567198388816398912381392
83402497391521717600722367536060025525
287104477455992749165265167659300414565
180087518276548229161642354757337356483
77651880853019852757210369415251455316
71650966315123736981166354952191911125
147726487263915230747281257241393304781
227161231552039995463440014505693430636
257827626920840342682341322319986782725
109713170244393077241137401284985499705
74309152336475261278758681903859864117
264649501175413606241595286047020724243
58952067510579991541379953739745356444
238696339193834310641258580457805888659
80462528523972073437343131039738470662
238696339193834310641258580457805888659
148156710392528556147017507010248003893
62493362169160039356449568572326275270
197804902746031933275414132137426085702
201759266308775362908277609898593225114
40801035503757667161108486862087470539
125973189710032749091408392244821137496
2120459199367162778305250556416657656
264649501175413606241595286047020724243
132456952678896150538818309078369545732
68878799925584285082530529418786562704
276426790060213909491142353797515215525
164419509758888111957695552325569481644
241073869542278723490782396574918747125
174413238828250649175726631279323490147
150524834708090741113293412181319015296
10349907868246725257191631144154415850
264649501175413606241595286047020724243
213606852400017133051630158263186829609
74309152336475261278758681903859864117
63234396179922526352099147474821761979
222672871837738622560299220944852882860
171001959087170223382193436869030643206
100492955919217170340544593978050243828
68255074215895900915458723568477105256
148156710392528556147017507010248003893
7145021166588068047199522686695901959
39402576560081493660457327896009676315
124480613596503622097141564853144086497
218955496653863299596390726279616013247
262188000060062861719606503596772081561
74309152336475261278758681903859864117
255673860418783780452570299480029759020
164419509758888111957695552325569481644
238805213637926465226077879545205587397
36103276068688209970487526176467542536
278122447909233736141000823984834296833
2928437498568966318595255249718241805
58952067510579991541379953739745356444
238696339193834310641258580457805888659
80462528523972073437343131039738470662
287104477455992749165265167659300414565
226946934511881202507378483594755271804
124670433351733491994920711194283488305
6018735019178726490040608925262286284
74013411888260159590748095310593246477
158390953391566928360231870070178327688
77651880853019852757210369415251455316
62493362169160039356449568572326275270
115337159291012473004587533743296495646
164419509758888111957695552325569481644
222672871837738622560299220944852882860
117283145620469733906066145425189266050
37686712555396810449359211613371643443
59072771524854239348430598853728079096
80061836021731431942139806675066268866
92042522288759105336054031589264200131
139442489498630387484728262345407169708
24249228009563510599926709588005457542
200459663276450542034988833938233608365
246205705413636527450880959069652034749
54066808382932061527670281059488835553
258467670088814323823918998406644430513
13549723608327304287128196913703999121
219709414291879945662979690585266482687
257827626920840342682341322319986782725
103673925655388349486427042170969550031
287115043192739222337778230685118713220
222672871837738622560299220944852882860
198204137789683175977344595693860169601
205065240046236955523122489327442888654
